﻿LEVELUP_ID,SLIME_RARITY,CURRENT_LEVEL,NEED_EXP,CUMULATIVE_EXP,SCALE_LEVEL,EVENT_TYPE,LEVELUP_EHTER
10040201,2,1,10,10,3,0,25
10040202,2,2,13,23,3,0,5
10040203,2,3,17,40,3,0,6
10040204,2,4,22,62,4,1,30
10040205,2,5,29,91,4,0,8
10040206,2,6,39,130,4,0,9
10040207,2,7,52,182,5,0,10
10040208,2,8,70,252,5,1,35
10040209,2,9,94,346,5,0,12
10040210,2,10,126,472,5,2,40
