﻿LEVELUP_ID,SLIME_RARITY,CURRENT_LEVEL,NEED_EXP,CUMULATIVE_EXP,SCALE_LEVEL,EVENT_TYPE,LEVELUP_EHTER
10020401,4,1,10,10,3,0,10
10020402,4,2,12,22,3,0,3
10020403,4,3,15,37,3,0,4
10020404,4,4,18,55,4,1,15
10020405,4,5,22,77,4,0,6
10020406,4,6,27,104,4,0,7
10020407,4,7,33,137,5,0,8
10020408,4,8,41,178,5,1,20
10020409,4,9,51,229,5,0,10
10020410,4,10,63,292,5,2,25
