﻿LEVELUP_ID,SLIME_RARITY,CURRENT_LEVEL,NEED_EXP,CUMULATIVE_EXP,SCALE_LEVEL,EVENT_TYPE,LEVELUP_EHTER
10030301,3,1,10,10,3,0,15
10030302,3,2,13,23,3,0,4
10030303,3,3,16,39,3,0,5
10030304,3,4,20,59,4,1,20
10030305,3,5,25,84,4,0,7
10030306,3,6,31,115,4,0,8
10030307,3,7,38,153,5,0,9
10030308,3,8,47,200,5,1,25
10030309,3,9,58,258,5,0,11
10030310,3,10,72,330,5,2,30
