﻿LEVELUP_ID,SLIME_RARITY,CURRENT_LEVEL,NEED_EXP,CUMULATIVE_EXP,SCALE_LEVEL,EVENT_TYPE,LEVELUP_EHTER
10010501,5,1,10,10,3,0,5
10010502,5,2,12,22,3,0,1
10010503,5,3,14,36,3,0,1
10010504,5,4,16,52,4,1,10
10010505,5,5,19,71,4,0,1
10010506,5,6,22,93,4,0,1
10010507,5,7,26,119,5,0,1
10010508,5,8,31,150,5,1,15
10010509,5,9,37,187,5,0,1
10010510,5,10,44,231,5,2,20
