﻿LEVELUP_ID,SLIME_RARITY,CURRENT_LEVEL,NEED_EXP,CUMULATIVE_EXP,SCALE_LEVEL,EVENT_TYPE,LEVELUP_EHTER
10050101,1,1,10,10,3,0,30
10050102,1,2,14,24,3,0,5
10050103,1,3,19,43,3,0,6
10050104,1,4,26,69,4,1,45
10050105,1,5,36,105,4,0,8
10050106,1,6,50,155,4,0,9
10050107,1,7,70,225,5,0,10
10050108,1,8,98,323,5,1,50
10050109,1,9,137,460,5,0,12
10050110,1,10,191,651,5,2,60
