﻿LEVELUP_ID,SLIME_ID,LEVEL_GROUP,CURRENT_LEVEL,CURRENT_LEVEL,EXP_PER_TOUCH,NEED_EXP,CUMULATIVE_EXP,SCALE_LEVEL,EVENT_TYPE
10010001,11011,1001,0,1,1,10,10,1,0
10010101,11011,1001,1,2,1,12,22,1,0
10010211,11011,1001,2,3,1,14,36,1,1
10010301,11011,1001,3,4,1,16,52,2,0
10010401,11011,1001,4,5,1,19,71,2,0
10010511,11011,1001,5,6,1,22,93,2,1
10010601,11011,1001,6,7,1,26,119,3,0
10010701,11011,1001,7,8,1,31,150,3,0
10010811,11011,1001,8,9,1,37,187,3,1
10010921,11011,1001,9,10,1,44,231,0,2
